
StartChar: M.sups
Encoding: 1114551 -1 1550
Width: 585
VWidth: 440
Flags: W
HStem: 429 21<245 259.46> 440 22<3.87485 49.3133 112.648 160.232 354.875 403.653 484 542.232> 810 23<4.37122 44.9598 485.364 535.395>
VStem: 65 33<472.327 738.366> 409 64<468.054 744>
LayerCount: 3
Fore
Refer: 1244 -1 N 1 0 0 1 0 440 2
Validated: 1
Comment: "." 
EndChar
