StartChar: u1F5BE
Encoding: 128446 128446 3131
Width: 703
Flags: HW
HStem: -91.6426 91.6406<295.041 408.949> -53.083 53.081<122.641 307.239 396.752 581.349> 121 32<124.329 174.906 508.529 579.324> 497 32<151.329 200.605 371.753 413.497 496.768 571.547> 649.998 53.082<122.641 307.239 396.752 581.348> 649.998 91.642<295.041 408.95>
VStem: 30 91.641<173.399 476.598> 68.5596 53.0814<0.999626 185.597 464.401 648.997> 123.5 126<127.5 178> 582.349 53.082<0.999624 185.597 464.4 648.997> 582.349 91.641<173.399 476.598>
DStem2: 344.5 391 219.5 456 0.56921 -0.822192<-110.278 3.35201 35.583 40.7262>
LayerCount: 3
Fore
Refer: 3134 128473 S 1 0 0 1 113.5 0 2
Refer: 3130 -1 N 1 0 0 1 0 0 2
EndChar
