StartChar: u1F5D9
Encoding: 128473 128473 3134
Width: 502
Flags: HW
HStem: 121 32<10.8293 61.4063 395.029 465.824> 497 32<37.8293 87.1055 258.253 299.997 383.268 458.047>
VStem: 10 126<127.5 178>
DStem2: 231 391 106 456 0.56921 -0.822192<-110.278 3.35201 35.583 40.7262>
LayerCount: 3
Fore
Refer: 3132 10060 N 1 0 0 1 0 0 2
EndChar
