StartChar: uni1E55
Encoding: 7765 7765 544
Width: 460
VWidth: 0
Flags: HW
HStem: -273 46<161.75 258.065> -260 46<4.00195 61.6411> -6 51<165.062 279.5> 378 52<190.056 285.598> 490 193
VStem: 65 83<-210.6 5.99634 63.158 341.382> 215 157 333 92<146.928 322.944>
LayerCount: 2
Fore
Refer: 266 769 N 1 0 0 1 201 0 2
Refer: 80 112 N 1 0 0 1 0 0 3
EndChar
