StartChar: uni2C62
Encoding: 3037 11362 3036
GlifName: uni2C_62
Width: 669
VWidth: 0
Flags: W
AnchorPoint: "bottom.cap" 396 -30 basechar 0
AnchorPoint: "top.cap" 271 675 basechar 0
LayerCount: 2
Back
SplineSet
399 353 m 256
 321 353 228 415 155 415 c 256
 102 415 46 341 24 302 c 256
 18 291 15 283 15 280 c 256
 15 267 33 256 47 256 c 256
 53 256 61 263 70 273 c 257
 85 288 106 308 141 308 c 256
 204 308 329 246 385 246 c 256
 438 246 494 320 516 359 c 256
 522 370 525 378 525 381 c 256
 525 394 507 405 493 405 c 256
 487 405 479 398 470 388 c 257
 455 373 434 353 399 353 c 256
122 -5 m 256
 161 -5 226 0 266 0 c 256
 387 0 576 -5 613 -5 c 256
 625 -5 629 5 630 14 c 256
 635 64 646 103 663 163 c 257
 663 165 664 167 664 169 c 256
 664 178 660 190 650 190 c 256
 642 190 636 188 631 178 c 257
 618 147 595 102 577 86 c 256
 554 65 525 59 499 59 c 258
 402 59 l 258
 368 59 353 73 353 110 c 258
 353 550 l 258
 353 590 363 602 418 618 c 257
 430 622 437 626 437 639 c 256
 437 649 431 654 421 654 c 256
 379 654 305 650 266 650 c 256
 226 650 160 655 116 655 c 256
 108 655 98 649 98 640 c 256
 98 628 105 621 117 618 c 256
 170 606 183 594 183 551 c 258
 183 95 l 258
 183 54 167 45 123 32 c 256
 110 28 103 19 103 11 c 256
 103 3 110 -5 122 -5 c 256
EndSplineSet
Fore
SplineSet
385 246 m 256
 438 246 494 320 516 359 c 256
 522 370 525 378 525 381 c 256
 525 394 507 405 493 405 c 256
 487 405 479 398 470 388 c 257
 455 373 434 353 399 353 c 256
 321 353 228 415 155 415 c 256
 102 415 46 341 24 302 c 256
 18 291 15 283 15 280 c 256
 15 267 33 256 47 256 c 256
 53 256 61 263 70 273 c 257
 85 288 106 308 141 308 c 256
 204 308 329 246 385 246 c 256
EndSplineSet
Refer: 236 76 N 1 0 0 1 83 0 2
Validated: 5
PickledDataWithLists: "(dp0
Vcom.schriftgestaltung.Glyphs.glyph.rightMetricsKey
p1
VL
p2
sVpublic.markColor
p3
V0.67,0.95,0.38,1
p4
s."
Comment: "+AAoA-uni2C62+AAoA"
EndChar
