
StartChar: twodotenleader
Encoding: 8229 8229 781
Width: 456
VWidth: 0
HStem: -14 110<71.7433 158.257 299.743 386.257>
VStem: 60 110<-2.25671 84.2567> 288 110<-2.25671 84.2567>
LayerCount: 2
Fore
Refer: 39 46 N 1 0 0 1 228 0 2
Refer: 39 46 N 1 0 0 1 0 0 2
Validated: 1
EndChar
