
StartChar: uni0228
Encoding: 552 552 333
Width: 421
VWidth: 0
Flags: W
HStem: -276.567 53<-94.7496 2.37057> -3 24<11.2984 48.228> 3 36<164.786 334.559> 410 41<161.645 328.992> 429 21<22.3123 57.3167>
VStem: 12.5 53<-218.238 -139.899> 79 75<45.5227 217.677 253 406.614> 347 19<347.096 375.298>
LayerCount: 2
Fore
Refer: 1060 -1 N 1 0 0 1 -160.5 -1.56667 2
Refer: 35 69 N 1 0 0 1 0 0 3
Validated: 5
EndChar
