
StartChar: uni01F0
Encoding: 496 496 318
Width: 212
VWidth: 0
Flags: W
HStem: -287 27<-34.4197 3.46219> 481.09 201
VStem: -0.913219 177.826 71 73<-125.108 338.26>
LayerCount: 2
Fore
Refer: 979 711 N 0.838803 0 0 1 228.08 34.0896 2
Refer: 345 567 N 1 0 0 1 0 0 3
Validated: 1
EndChar
