
StartChar: uni2049
Encoding: 8265 8265 793
Width: 572
VWidth: 0
Flags: W
HStem: -14 120<98.7454 191.255 310.745 403.255> 569 92<287.982 387.059>
VStem: 85 120<-0.254639 92.2546> 93 104<352.256 636.824> 297 120<-0.254639 92.2546> 321 37<182.071 270.23> 467 51<415.721 503.256>
LayerCount: 2
Fore
Refer: 86 63 N 1 0 0 1 209 0 2
Refer: 66 33 N 1 0 0 1 0 0 2
Validated: 1
EndChar
