
StartChar: exclamdbl
Encoding: 8252 8252 791
Width: 472
VWidth: 0
Flags: W
HStem: -14 111<108.294 178.706 303.294 373.706>
VStem: 92 103<2.17511 81.2768> 189 34<213.757 281.903> 260 97<515.671 617.194> 287 103<2.17511 81.2768> 384 34<213.757 281.903> 455 97<515.671 617.194>
LayerCount: 2
Fore
Refer: 66 33 N 1 0 0 1 195 0 2
Refer: 66 33 N 1 0 0 1 0 0 2
Validated: 1
EndChar
