
StartChar: ncaron.sc
Encoding: 66287 -1 1880
Width: 541
VWidth: 0
Flags: W
HStem: -14 21<435.5 451> -3 24<64 98.248 176.817 196.566> 425 24<179.041 215.307 509.376 530.442 622.891 652> 509.463 145<554.811 563.392>
VStem: 520.908 41.1967<641.478 654.141>
LayerCount: 2
Fore
Refer: 986 711 N 1.17705 0 0 0.721393 588 187 2
Refer: 1703 -1 N 1 0 0 1 0 0 3
Validated: 1
Comment: "." 
EndChar
