
StartChar: uni2016.ordn
Encoding: 65912 -1 1505
Width: 520
VWidth: 280
Flags: W
HStem: -9 21<195 202.5 455 462.5>
VStem: 186 60<-5.10672 980.117> 446 60<-5.10672 980.117>
LayerCount: 2
Fore
Refer: 1301 -1 N 1 0 0 1 86 280 2
Validated: 1
Comment: "." 
EndChar
