StartChar: uni044C
Encoding: 2012 1100 2011
GlifName: uni044C_
Width: 413
VWidth: 0
Flags: W
LayerCount: 2
Back
SplineSet
139 -14 m 256
 252 -14 373 92 373 188 c 256
 373 236 350 269 306 269 c 256
 263 269 220 247 182 211 c 257
 174 204 170 206 173 213 c 258
 244 370 l 258
 258 402 249 415 229 415 c 256
 200 415 122 380 73 313 c 256
 62 298 61 288 61 283 c 256
 61 279 71 277 74 280 c 256
 103 306 142 336 153 336 c 256
 157 336 157 328 154 318 c 256
 127 251 99 183 72 116 c 257
 45 53 38 -14 139 -14 c 256
180 176 m 256
 210 210 248 238 280 238 c 256
 295 238 310 218 310 190 c 256
 310 115 226 7 155 7 c 256
 132 7 119 29 119 52 c 256
 119 81 145 135 180 176 c 256
EndSplineSet
Fore
SplineSet
139 -14 m 256
 252 -14 373 92 373 188 c 256
 373 236 350 269 306 269 c 256
 263 269 220 247 182 211 c 257
 174 204 170 206 173 213 c 258
 246 374 l 258
 253 390 238 414 221 414 c 256
 192 414 110 382 61 318 c 256
 50 303 49 293 49 288 c 256
 49 284 59 282 62 285 c 256
 90 313 142 336 153 336 c 256
 157 336 157 328 154 318 c 256
 127 251 99 183 72 116 c 257
 45 53 38 -14 139 -14 c 256
155 7 m 256
 132 7 119 29 119 52 c 256
 119 81 145 135 180 176 c 256
 210 210 248 238 280 238 c 256
 295 238 310 218 310 190 c 256
 310 115 226 7 155 7 c 256
EndSplineSet
PickledDataWithLists: "(dp0
Vcom.schriftgestaltung.Glyphs.glyph.leftMetricsKey
p1
Vi
p2
sVpublic.markColor
p3
V0.85,0.26,0.06,1
p4
s."
Comment: "+AAoA-uni044C+AAoA"
EndChar
