StartChar: uni0431.SRB
Encoding: 1980 -1 1979
GlifName: uni0431.S_R_B_
Width: 381
VWidth: 0
Flags: W
LayerCount: 2
Back
SplineSet
299 304 m 256
 299 211 205 16 125 16 c 256
 91 16 82 46 82 96 c 256
 82 189 176 384 256 384 c 256
 267 384 272 379 277 371 c 256
 288 353 299 332 299 304 c 256
237 421 m 257
 238 419 239 412 226 409 c 256
 99 378 18 213 18 104 c 256
 18 28 73 -14 113 -14 c 256
 263 -14 363 176 363 296 c 256
 363 345 347 384 291 452 c 256
 253 498 199 556 199 582 c 256
 199 594 217 601 243 604 c 256
 277 608 332 606 385 615 c 256
 430 623 493 666 493 698 c 256
 493 701 492 704 490 704 c 256
 489 704 488 704 487 703 c 257
 472 690 439 682 395 676 c 256
 370 673 309 672 253 657 c 256
 198 642 159 589 159 554 c 256
 159 507 210 457 237 421 c 257
EndSplineSet
Fore
SplineSet
113 -14 m 256
 263 -14 363 176 363 296 c 256
 363 345 347 384 291 452 c 256
 253 498 199 556 199 582 c 256
 199 600 224 605 262 607 c 256
 380 612 493 624 493 698 c 256
 493 703 490 706 487 703 c 256
 449 670 334 675 263 659 c 256
 198 645 159 589 159 554 c 256
 159 507 210 457 237 421 c 257
 238 419 239 412 226 409 c 256
 99 378 18 213 18 104 c 256
 18 28 73 -14 113 -14 c 256
125 16 m 256
 91 16 82 46 82 96 c 256
 82 189 176 384 256 384 c 256
 267 384 272 379 277 371 c 256
 288 353 299 332 299 304 c 256
 299 211 205 16 125 16 c 256
EndSplineSet
PickledDataWithLists: "(dp0
Vcom.schriftgestaltung.Glyphs.glyph.leftMetricsKey
p1
Vo
p2
sVcom.schriftgestaltung.Glyphs.glyph.rightMetricsKey
p3
g2
sVpublic.markColor
p4
V0.67,0.95,0.38,1
p5
s."
Comment: "+AAoA-uni0431.SRB+AAoA"
EndChar
