StartChar: uni03D0
Encoding: 1920 976 1919
GlifName: uni03D_0
Width: 454
VWidth: 0
Flags: W
LayerCount: 2
Back
SplineSet
179 65 m 256
 126 65 97 84 92 121 c 257
 133 166 213 210 274 210 c 256
 311 210 323 197 324 172 c 256
 324 118 249 65 179 65 c 256
  PathStart: -2
554 660 m 256
 554 620 489 592 430 592 c 256
 367 592 331 603 324 625 c 257
 356 671 440 702 477 702 c 256
 518 702 554 685 554 660 c 256
587 671 m 256
 587 725 539 761 477 761 c 256
 262 761 42 377 46 182 c 256
 48 51 90 0 174 0 c 256
 260 0 356 95 356 171 c 256
 356 222 328 270 260 270 c 256
 220 270 158 248 97 182 c 257
 97 305 216 542 296 602 c 257
 336 550 387 528 437 528 c 256
 537 528 587 592 587 671 c 256
  PathStart: -2
EndSplineSet
Fore
SplineSet
174 0 m 256
 260 0 356 95 356 171 c 256
 356 222 328 270 260 270 c 256
 216 270 144 243 77 158 c 257
 98 166 l 257
 85 289 223 561 307 609 c 257
 281 623 l 257
 323 556 381 528 437 528 c 256
 537 528 587 592 587 671 c 256
 587 725 539 761 477 761 c 256
 262 761 42 377 46 163 c 256
 48 51 90 0 174 0 c 256
179 65 m 256
 126 65 97 84 92 121 c 257
 133 166 213 210 274 210 c 256
 311 210 323 197 324 172 c 256
 324 118 249 65 179 65 c 256
430 592 m 256
 367 592 331 603 324 625 c 257
 356 671 440 702 477 702 c 256
 518 702 554 685 554 660 c 256
 554 620 489 592 430 592 c 256
EndSplineSet
PickledDataWithLists: "(dp0
Vpublic.markColor
p1
V0.67,0.95,0.38,1
p2
s."
Comment: "+AAoA-uni03D0+AAoA"
EndChar
