
StartChar: uni2048
Encoding: 8264 8264 792
Width: 573
VWidth: 0
Flags: W
HStem: -14 111<60.2941 130.706 299.294 369.706> 591 70<168.756 280.284>
VStem: 44 103<2.17511 81.2768> 84 39<199.417 283.938> 283 103<2.17511 81.2768> 307 35<461.254 560.461> 380 34<213.757 281.903> 451 97<515.671 617.194>
LayerCount: 2
Fore
Refer: 66 33 S 1 0 0 1 191 0 2
Refer: 86 63 N 1 0 0 1 0 0 2
Validated: 1
EndChar
