
StartChar: exclamdbl
Encoding: 8252 8252 779
Width: 472
VWidth: 0
Flags: W
HStem: -14 120<121.837 242.163 316.837 437.163>
VStem: 81 135<387.419 630.685> 104 156<4.65654 87.3435> 276 135<387.419 630.685> 299 156<4.65654 87.3435>
LayerCount: 3
Fore
Refer: 66 33 N 1 0 0 1 195 0 2
Refer: 66 33 N 1 0 0 1 0 0 2
Validated: 1
EndChar
