
StartChar: k.sinf
Encoding: 65801 -1 1377
Width: 326
VWidth: -417
Flags: W
HStem: -144 24<9.70728 44.4662 120.168 151.337 282.57 324.337> 79 23<251.238 299.598> 235 24<14.6057 38.4032> 263 20<106.5 121.5>
VStem: 48 70<-119.236 -19.9077 2.00074 233.83>
LayerCount: 3
Fore
Refer: 1275 -1 N 1 0 0 1 0 -144 2
Validated: 1
Comment: "." 
EndChar
