
StartChar: p.ordn
Encoding: 65908 -1 1484
Width: 321
VWidth: 7
Flags: W
HStem: 138 25<3.93002 42.8186 120.41 156.07> 280 27<141.401 217.601> 490 23<7.87891 31.8765> 496 35<158.693 232.117>
VStem: 46 72<164.855 299.98 320.006 476.539> 262 79<351.389 472.215>
LayerCount: 3
Fore
Refer: 1280 -1 N 1 0 0 1 0 280 2
Validated: 1
Comment: "." 
EndChar
