
StartChar: p.sinf
Encoding: 65806 -1 1382
Width: 321
VWidth: -417
Flags: W
HStem: -286 25<3.93002 42.8186 120.41 156.07> -144 27<141.401 217.601> 66 23<7.87891 31.8765> 72 35<158.693 232.117>
VStem: 46 72<-259.145 -124.02 -103.994 52.5394> 262 79<-72.6113 48.2154>
LayerCount: 3
Fore
Refer: 1280 -1 N 1 0 0 1 0 -144 2
Validated: 1
Comment: "." 
EndChar
