
StartChar: p.sups
Encoding: 66010 -1 1586
Width: 321
VWidth: 167
Flags: W
HStem: 298 25<3.93002 42.8186 120.41 156.07> 440 27<141.401 217.601> 650 23<7.87891 31.8765> 656 35<158.693 232.117>
VStem: 46 72<324.855 459.98 480.006 636.539> 262 79<511.389 632.215>
LayerCount: 3
Fore
Refer: 1280 -1 N 1 0 0 1 0 440 2
Validated: 1
Comment: "." 
EndChar
