
StartChar: uni2047
Encoding: 8263 8263 780
Width: 648
VWidth: 0
Flags: W
HStem: -14 120<102.837 223.163 387.837 508.163> 569 92<78.0733 198.455 363.073 483.455>
VStem: 85 156<4.65654 87.3435> 95 69<207.771 271.768> 291 66<393.5 493.081> 370 156<4.65654 87.3435> 380 69<207.771 271.768> 576 66<393.5 493.081>
LayerCount: 3
Fore
Refer: 86 63 N 1 0 0 1 285 0 2
Refer: 86 63 N 1 0 0 1 0 0 2
Validated: 1
EndChar
