
StartChar: uni2049
Encoding: 8265 8265 782
Width: 572
VWidth: 0
Flags: W
HStem: -14 120<121.837 242.163 311.837 432.163> 569 92<287.073 407.455>
VStem: 81 135<387.419 630.685> 104 156<4.65654 87.3435> 294 156<4.65654 87.3435> 304 69<207.771 271.768> 500 66<393.5 493.081>
LayerCount: 3
Fore
Refer: 86 63 N 1 0 0 1 209 0 2
Refer: 66 33 N 1 0 0 1 0 0 2
Validated: 1
EndChar
