
StartChar: uni2048
Encoding: 8264 8264 781
Width: 573
VWidth: 0
Flags: W
HStem: -14 120<102.837 223.163 412.837 533.163> 569 92<78.0733 198.455>
VStem: 85 156<4.65654 87.3435> 95 69<207.771 271.768> 291 66<393.5 493.081> 372 135<387.419 630.685> 395 156<4.65654 87.3435>
LayerCount: 3
Fore
Refer: 66 33 N 1 0 0 1 291 0 2
Refer: 86 63 N 1 0 0 1 0 0 2
Validated: 1
EndChar
