
StartChar: uni2016.ordn
Encoding: 65928 -1 1504
Width: 520
VWidth: 280
Flags: W
HStem: -9 21<107 117 271 281>
VStem: 95 78<-3.48267 977.745> 259 78<-3.48267 977.745>
LayerCount: 3
Fore
Refer: 1300 -1 N 1 0 0 1 0 280 2
Validated: 1
Comment: "." 
EndChar
