StartChar: uni2048
Encoding: 8264 8264 792
Width: 573
VWidth: 0
Flags: W
HStem: -14 120<101.745 194.255 389.745 482.255> 569 92<78.9815 178.059>
VStem: 88 120<-0.254639 92.2546> 112 37<182.071 270.23> 258 51<415.721 503.256> 376 120<-0.254639 92.2546> 384 104<352.256 636.824>
LayerCount: 2
Fore
Refer: 66 33 N 1 0 0 1 291 0 2
Refer: 86 63 N 1 0 0 1 0 0 2
Validated: 1
EndChar
