
StartChar: uni1E57
Encoding: 538 7767 546
Width: 445
VWidth: 0
HStem: -273 46<161.75 258.065> -260 46<4.00195 61.6411> -6 51<165.062 279.5> 378 52<190.056 285.598> 535 110<211.847 298.153>
VStem: 65 83<-210.6 5.99634 63.158 341.382> 200 110<546.104 633.537> 333 92<146.928 322.944>
LayerCount: 2
Fore
Refer: 252 775 N 1 0 0 1 170 0 2
Refer: 80 112 N 1 0 0 1 0 0 3
Validated: 32769
EndChar
