
StartChar: uniE009
Encoding: 698 57353 228
Width: 445
VWidth: 982
Flags: W
HStem: -273 46<161.75 258.065> -260 46<4.00195 61.6411> -6 51<165.062 279.5> 378 52<190.056 285.598> 518 75<160.851 323.88>
VStem: 65 83<-210.6 5.99634 63.158 341.382> 108 277 333 92<146.928 322.944>
LayerCount: 2
Fore
Refer: 268 771 S 1 0 0 1 82 0 2
Refer: 80 112 N 1 0 0 1 0 0 2
Validated: 32769
EndChar
