StartChar: Ycircumflex
Encoding: 374 374 539
Width: 510
VWidth: 0
HStem: -2 46<8.10474 88.3235 211.581 278.884> 569 35<5.01752 62.8764 212.591 263.98 346.02 388.827 508.719 574.98> 629 134
VStem: 163 291<633 643>
LayerCount: 2
Fore
Refer: 443 -1 N 1 0 0 1 158 -60 2
Refer: 57 89 N 1 0 0 1 0 0 3
Validated: 32769
Substitution2: "c2sc subtable" Ycircumflex.sc
MultipleSubs2: "CCMP_Precomp subtable" Y uni0302.cap
EndChar
