StartChar: Ydieresis
Encoding: 376 376 361
Width: 510
VWidth: 0
HStem: -2 46<8.10474 88.3235 211.581 278.884> 569 35<5.01752 62.8764 212.591 263.98 346.02 388.827 508.719 574.98> 640 108<190.135 271.866 385.134 466.866>
VStem: 175 112<655.452 732.548> 370 112<655.452 732.548>
LayerCount: 2
Fore
Refer: 448 -1 N 1 0 0 1 170 -60 2
Refer: 57 89 N 1 0 0 1 0 0 3
Validated: 32769
Substitution2: "c2sc subtable" Ydieresis.sc
MultipleSubs2: "CCMP_Precomp subtable" Y uni0308.cap
EndChar
