StartChar: Ygrave
Encoding: 7922 7922 855
Width: 510
VWidth: 0
HStem: -2 46<8.10474 88.3235 211.581 278.884> 569 35<5.01752 62.8764 212.591 263.98 346.02 388.827 508.719 574.98> 637 155
VStem: 218 154
LayerCount: 2
Fore
Refer: 441 -1 N 1 0 0 1 212 -60 2
Refer: 57 89 N 1 0 0 1 0 0 3
Validated: 32769
MultipleSubs2: "CCMP_Precomp subtable" Y gravecomb.cap
EndChar
