StartChar: imacron.sc
Encoding: 1114877 -1 1650
Width: 323
VWidth: 0
Flags: W
HStem: -2 51<38.3252 109.177 209.528 280.675> 414 39<34.1293 103.475 215.572 284.93> 513 55<11.6186 240.266>
VStem: 4.44086 245<520.013 565.662> 116 86<55.2266 399.85>
LayerCount: 2
Fore
Refer: 1826 -1 N 1 0 0 1 -0.559141 -20 2
Refer: 1578 -1 N 1 0 0 1 0 0 3
Validated: 32769
EndChar
