StartChar: uni0232
Encoding: 562 562 623
Width: 510
VWidth: 0
HStem: -2 46<8.10474 88.3235 211.581 278.884> 569 35<5.01752 62.8764 212.591 263.98 346.02 388.827 508.719 574.98> 663 55<174.661 450.838>
VStem: 171 285<665.629 717.782>
LayerCount: 2
Fore
Refer: 445 -1 N 1 0 0 1 166 -60 2
Refer: 57 89 N 1 0 0 1 0 0 3
Validated: 32769
MultipleSubs2: "CCMP_Precomp subtable" Y uni0304.cap
EndChar
