StartChar: uni1EF8
Encoding: 7928 7928 861
Width: 510
VWidth: 0
HStem: -2 46<8.10474 88.3235 211.581 278.884> 569 35<5.01752 62.8764 212.591 263.98 346.02 388.827 508.719 574.98> 628 21<193 202> 660 69<209.779 410.646>
VStem: 170 288
LayerCount: 2
Fore
Refer: 444 -1 N 1 0 0 1 165 -60 2
Refer: 57 89 N 1 0 0 1 0 0 3
Validated: 32769
MultipleSubs2: "CCMP_Precomp subtable" Y tildecomb.cap
EndChar
