StartChar: uni1EF4
Encoding: 7924 7924 857
Width: 510
VWidth: 0
HStem: -172 110<72.4233 158.73> -2 46<8.10474 88.3235 211.581 278.884> 569 35<5.01752 62.8764 212.591 263.98 346.02 388.827 508.719 574.98>
VStem: 60.5766 110<-160.153 -73.8467>
LayerCount: 2
Fore
Refer: 454 -1 N 1 0 0 1 55.5766 25 2
Refer: 57 89 N 1 0 0 1 0 0 3
Validated: 32769
MultipleSubs2: "CCMP_Precomp subtable" Y dotbelowcomb.cap
EndChar
