StartChar: uni1E43
Encoding: 7747 7747 706
Width: 721
VWidth: 0
HStem: -176.134 102<245.669 315.79> -14 76<531.779 615.796> 374 56<317.844 405.538 555.274 651.713>
VStem: 18 71<-7.10395 69.8906> 232.665 97<-162.827 -87.1198> 260 71<-7.10395 69.4375>
LayerCount: 2
Fore
Refer: 879 803 N 1 0 0 1 196.665 -3.13374 2
Refer: 77 109 N 1 0 0 1 0 0 3
Validated: 32769
MultipleSubs2: "CCMP_Precomp subtable" m dotbelowcomb
EndChar
