StartChar: uni1E41
Encoding: 7745 7745 704
Width: 721
VWidth: 0
HStem: -14 76<531.779 615.796> 374 56<317.844 405.538 555.274 651.713> 527 102<431.161 500.87>
VStem: 18 71<-7.10395 69.8906> 260 71<-7.10395 69.4375> 418 97<540.405 615.98>
LayerCount: 2
Fore
Refer: 306 775 N 1 0 0 1 382 0 2
Refer: 77 109 N 1 0 0 1 0 0 3
Validated: 32769
MultipleSubs2: "CCMP_Precomp subtable" m uni0307
EndChar
