StartChar: uni1E5B
Encoding: 7771 7771 730
Width: 384
VWidth: 0
HStem: -176.134 102<21.1689 91.2899> 332 98<289.796 379.267> 357 73<111.989 192.962>
VStem: 8.1652 97<-162.827 -87.1198> 37 71<-7.10395 59.6929>
LayerCount: 2
Fore
Refer: 879 803 N 1 0 0 1 -27.8348 -3.13374 2
Refer: 82 114 N 1 0 0 1 0 0 3
Validated: 32769
MultipleSubs2: "CCMP_Precomp subtable" r dotbelowcomb
EndChar
