StartChar: uni1E8E
Encoding: 7822 7822 781
Width: 510
VWidth: 0
HStem: -2 46<8.10474 88.3235 211.581 278.884> 569 35<5.01752 62.8764 212.591 263.98 346.02 388.827 508.719 574.98> 640 116<274.595 359.405>
VStem: 259 116<655.393 740.607>
LayerCount: 2
Fore
Refer: 447 -1 N 1 0 0 1 254 -60 2
Refer: 57 89 N 1 0 0 1 0 0 3
Validated: 32769
MultipleSubs2: "CCMP_Precomp subtable" Y uni0307.cap
EndChar
