StartChar: uni1EF6
Encoding: 7926 7926 859
Width: 510
VWidth: 0
HStem: -2 46<8.10474 88.3235 211.581 278.884> 569 35<5.01752 62.8764 212.591 263.98 346.02 388.827 508.719 574.98> 801 27<276.101 326.863>
VStem: 281.198 41<682.245 722.709> 329.198 61<748.018 800.619>
LayerCount: 2
Fore
Refer: 875 -1 N 1 0 0 1 213.198 -21 2
Refer: 57 89 N 1 0 0 1 0 0 3
Validated: 32769
MultipleSubs2: "CCMP_Precomp subtable" Y hookabovecomb.cap
EndChar
