StartChar: uni1E47
Encoding: 7751 7751 710
Width: 479
VWidth: 0
HStem: -176.134 102<124.669 194.79> -14 76<289.779 373.796> 374 56<317.844 409.627>
VStem: 18 71<-7.10395 69.8906> 111.665 97<-162.827 -87.1198>
LayerCount: 2
Fore
Refer: 879 803 N 1 0 0 1 75.6652 -3.13374 2
Refer: 78 110 N 1 0 0 1 0 0 3
Validated: 32769
MultipleSubs2: "CCMP_Precomp subtable" n dotbelowcomb
EndChar
