StartChar: uni1E3F
Encoding: 7743 7743 702
Width: 721
VWidth: 0
HStem: -14 76<531.779 615.796> 374 56<317.844 405.538 555.274 651.713> 466 189
VStem: 18 71<-7.10395 69.8906> 260 71<-7.10395 69.4375> 482 72<589.851 643.485>
LayerCount: 2
Fore
Refer: 310 769 N 1 0 0 1 403 0 2
Refer: 77 109 N 1 0 0 1 0 0 3
Validated: 32769
MultipleSubs2: "CCMP_Precomp subtable" m acutecomb
EndChar
