StartChar: uniE01B
Encoding: 57371 57371 294
Width: 721
Flags: W
HStem: -14 76<531.779 615.796> 374 56<317.844 405.538 555.274 651.713> 565 65<383.65 561.815> 651 20<570 579>
VStem: 18 71<-7.10395 69.8906> 260 71<-7.10395 69.4375> 342 263
LayerCount: 2
Fore
Refer: 312 771 S 1 0 0 1 316 47 2
Refer: 77 109 N 1 0 0 1 0 0 2
Validated: 32769
EndChar
