
StartChar: lcommaaccent
Encoding: 316 316 230
Width: 252
VWidth: 0
Flags: W
HStem: -274 21<-46.4733 -0.210773> -147 78<28.3116 68.9956> -14 55<78 158.697>
VStem: 50 76<5.25383 105.281> 69 59<-195.206 -111>
LayerCount: 2
Fore
Refer: 129 806 N 1 0 0 1 2 0 2
Refer: 2 108 N 1 0 0 1 0 0 3
Substitution2: "Smallcaps subtable" lcommaaccent.sc
EndChar
