
StartChar: twodotenleader
Encoding: 8229 8229 781
Width: 456
VWidth: 0
Flags: H
HStem: -14 115<41.8503 118.15 269.85 346.15>
VStem: 25 110<3.02179 83.9782> 253 110<3.02179 83.9782>
LayerCount: 2
Fore
Refer: 39 46 N 1 0 0 1 228 0 2
Refer: 39 46 N 1 0 0 1 0 0 2
EndChar
