
StartChar: uni0162
Encoding: 354 354 261
Width: 635
VWidth: 0
Flags: HW
HStem: -278.567 53<1.85528 86.8683> -5 27<120.496 198.158 343.086 401.807> 607 35<196.229 388.493 469.995 669.037>
VStem: -12.1632 205 681 25<497.112 565.837>
LayerCount: 2
Fore
Refer: 1077 -1 N 1 0 0 1 13.8368 -3.56667 2
Refer: 34 84 N 1 0 0 1 0 0 3
Substitution2: "c2sc subtable" uni0162.sc
EndChar
