
StartChar: uni0228
Encoding: 552 552 333
Width: 621
VWidth: 0
Flags: HW
HStem: -279 53<20.3553 105.368> -5 35<8.01822 107.75 228.884 496.445> 322 27<307.177 478.603> 388 20<556.5 561.5> 618 32<218.007 283.946 384.656 609.242>
VStem: 6 205 492 28<252.052 308.246> 618 55<568.25 613.321>
LayerCount: 2
Fore
Refer: 1077 -1 N 1 0 0 1 32.3368 -3.56667 2
Refer: 35 69 N 1 0 0 1 0 0 3
EndChar
