
StartChar: uni1E1C
Encoding: 7708 7708 381
Width: 621
VWidth: 0
Flags: HW
HStem: -278.567 53<20.3553 105.368> -5 35<8.01822 107.75 228.884 496.445> 322 27<307.177 478.603> 388 20<556.5 561.5> 618 32<218.007 283.946 386.483 609.242> 724 70<640.441 762.827>
VStem: 6.33678 205 492 28<252.052 308.246> 618 55<568.25 613.321> 835 29<841.993 872.004>
LayerCount: 2
Fore
Refer: 2088 -1 N 1 0 0 1 571.452 32 2
Refer: 333 552 N 1 0 0 1 0 0 3
EndChar
