
StartChar: uni1E28
Encoding: 7720 7720 393
Width: 788
VWidth: 0
Flags: HW
HStem: -277 53<-9.98073 75.851> -3 25<37.7731 91.0817 269.977 309.469 493.985 547.605 723.977 764.174> 307 40<313.912 677.761> 632 20G<247 279 461 493.5 703 735>
LayerCount: 2
Fore
Refer: 1077 -1 N 1 0 0 1 98.3368 -3.56667 2
Refer: 47 72 N 1 0 0 1 0 0 2
EndChar
