
StartChar: uni2047
Encoding: 8263 8263 791
Width: 648
VWidth: 0
Flags: HW
HStem: -14 111<60.2941 130.706 345.294 415.706> 591 70<168.756 280.284 453.756 565.284>
VStem: 44 103<2.17511 81.2768> 84 39<199.417 283.938> 307 35<461.254 560.461> 329 103<2.17511 81.2768> 369 39<199.417 283.938> 592 35<461.254 560.461>
LayerCount: 2
Fore
Refer: 86 63 N 1 0 0 1 285 0 2
Refer: 86 63 N 1 0 0 1 0 0 2
EndChar
