
StartChar: uni2049
Encoding: 8265 8265 793
Width: 572
VWidth: 0
Flags: W
HStem: -14 111<108.294 178.706 351.294 421.706> 591 70<459.756 571.284>
VStem: 92 103<2.17511 81.2768> 189 34<213.757 281.903> 260 97<515.671 617.194> 335 103<2.17511 81.2768> 375 39<199.417 283.938> 598 35<461.254 560.461>
LayerCount: 2
Fore
Refer: 86 63 S 1 0 0 1 291 0 2
Refer: 66 33 N 1 0 0 1 0 0 2
EndChar
