
StartChar: ellipsis
Encoding: 8230 8230 770
Width: 684
VWidth: 0
HStem: -14 110<71.8467 158.153 299.847 386.153 527.847 614.153>
VStem: 60 110<-2.15331 84.1533> 288 110<-2.15331 84.1533> 516 110<-2.15331 84.1533>
CounterMasks: 1 70
LayerCount: 3
Fore
Refer: 39 46 N 1 0 0 1 456 0 2
Refer: 39 46 N 1 0 0 1 228 0 2
Refer: 39 46 N 1 0 0 1 0 0 2
Validated: 1
EndChar
