
StartChar: k.sinf
Encoding: 1114377 -1 1376
Width: 326
VWidth: -417
Flags: W
HStem: -144 24<9.36972 44.4662 104.168 135.55 265.667 308.55> 80 22<234.409 284.814> 235 24<14.0029 38.4839> 263 20<92.5 105.5>
VStem: 48 54<-119.236 -18.9084 3.00653 233.946>
LayerCount: 3
Fore
Refer: 1274 -1 N 1 0 0 1 0 -144 2
Validated: 1
Comment: "." 
EndChar
