
StartChar: p.ordn
Encoding: 1114484 -1 1483
Width: 321
VWidth: 7
Flags: W
HStem: 139 24<3.66329 42.4787 103.673 139.337> 281 26<122.569 205.777> 491 23<9.90918 32.2485> 497 34<138.723 215.519>
VStem: 46 55<164.855 304 319.903 480.073> 245 61<346.868 472.307>
LayerCount: 3
Fore
Refer: 1279 -1 N 1 0 0 1 0 280 2
Validated: 1
Comment: "." 
EndChar
