
StartChar: uni2047
Encoding: 8263 8263 780
Width: 648
VWidth: 0
Flags: W
HStem: -14 120<101.745 194.255 386.745 479.255> 569 92<78.9815 178.059 363.982 463.059>
VStem: 88 120<-0.254639 92.2546> 96 53<195.696 274.776> 112 37<182.071 270.663> 258 51<415.721 503.256> 373 120<-0.254639 92.2546> 381 53<195.696 274.776> 397 37<182.071 270.663> 543 51<415.721 503.256>
LayerCount: 3
Fore
Refer: 86 63 N 1 0 0 1 285 0 2
Refer: 86 63 N 1 0 0 1 0 0 2
Validated: 1
EndChar
