
StartChar: M.sinf
Encoding: 1114347 -1 1347
Width: 585
VWidth: -144
Flags: W
HStem: -155 21<245 259.46> -144 22<3.87485 49.3133 112.648 160.232 354.875 403.653 484 542.232> 226 23<4.37122 44.9598 485.364 535.395>
VStem: 65 33<-111.673 154.366> 409 64<-115.946 160>
LayerCount: 3
Fore
Refer: 1245 -1 N 1 0 0 1 0 -144 2
Validated: 1
Comment: "." 
EndChar
