
StartChar: exclamdbl
Encoding: 1565 8252 779
Width: 472
VWidth: 0
Flags: W
HStem: -14 120<98.7454 191.255 293.745 386.255>
VStem: 85 120<-0.254639 92.2546> 93 104<352.256 636.289> 280 120<-0.254639 92.2546> 288 104<352.256 636.289>
LayerCount: 3
Fore
Refer: 66 33 N 1 0 0 1 195 0 2
Refer: 66 33 N 1 0 0 1 0 0 2
Validated: 1
EndChar
