
StartChar: twodotenleader
Encoding: 1553 8229 770
Width: 456
VWidth: 0
HStem: -14 110<71.8467 158.153 299.847 386.153>
VStem: 60 110<-2.15331 84.1533> 288 110<-2.15331 84.1533>
LayerCount: 3
Fore
Refer: 39 46 N 1 0 0 1 228 0 2
Refer: 39 46 N 1 0 0 1 0 0 2
Validated: 1
EndChar
