
StartChar: uni1FAE
Encoding: 8110 8110 2645
Width: 830
VWidth: 0
HStem: -226 62<423 490.666> 0 70<96.4899 277.223 548.08 733.384> 533 21<12.0396 53.456> 631 33<338.707 479.931> 675 78<7.56667 86.873> 813 21<-76 -67> 843 66<-4.30312 133.916> 850 67<-32.7893 102.803>
VStem: -85 268 96 52<591.849 666.689> 100 100<238.683 455.811> 381 66<-163.987 -67.3407> 630 100<255.249 454.984>
LayerCount: 3
Fore
Refer: 2480 890 N 1 0 0 1 341 -4 2
Refer: 2583 8046 N 1 0 0 1 0 0 3
Validated: 1
EndChar
