
StartChar: uni1FCF
Encoding: 1478 8143 736
Width: 0
VWidth: 0
Flags: W
HStem: 461 21<10.0396 51.456> 603 78<5.56667 84.873> 741 21<-78 -69> 771 66<-6.30312 131.916> 778 67<-34.7893 100.803>
VStem: -87 268 94 52<519.849 594.689>
AnchorPoint: "grk_top" 69 550 mark 0
AnchorPoint: "grk_uc_top" 77 578 mark 0
LayerCount: 3
Fore
Refer: 564 8128 N 1 0 0 1 -113 288 2
Refer: 731 8127 N 1 0 0 1 0 0 3
Validated: 1
EndChar
