
StartChar: uni1F6E
Encoding: 8046 8046 2583
Width: 830
VWidth: 0
HStem: 0 70<96.4899 277.223 548.08 733.384> 533 21<12.0396 53.456> 631 33<338.707 479.931> 675 78<7.56667 86.873> 813 21<-76 -67> 843 66<-4.30312 133.916> 850 67<-32.7893 102.803>
VStem: -85 268 96 52<591.849 666.689> 100 100<238.683 455.811> 630 100<255.249 454.984>
LayerCount: 3
Fore
Refer: 736 8143 N 1 0 0 1 2 72 2
Refer: 1135 937 N 1 0 0 1 0 0 3
Validated: 1
EndChar
