
StartChar: w.sinf
Encoding: 2117 -1 1389
Width: 454
VWidth: -417
Flags: W
HStem: -153 21<154 157.5 304 308> 78 24<8.35742 52.25 173.357 207.57 271.164 304.643 415.1 451.643>
VStem: 212 56<6.35938 77.2068> 377 75<57.5 97>
LayerCount: 3
Fore
Refer: 1287 -1 N 1 0 0 1 0 -144 2
Validated: 1
Comment: "." 
EndChar
