
StartChar: ellipsis
Encoding: 8230 8230 782
Width: 684
VWidth: 0
HStem: -14 110<71.7433 158.257 299.743 386.257 527.743 614.257>
VStem: 60 110<-2.25671 84.2567> 288 110<-2.25671 84.2567> 516 110<-2.25671 84.2567>
CounterMasks: 1 70
LayerCount: 2
Fore
Refer: 39 46 N 1 0 0 1 456 0 2
Refer: 39 46 N 1 0 0 1 228 0 2
Refer: 39 46 N 1 0 0 1 0 0 2
Validated: 1
EndChar
